6 4
1.3
1.668 16.238 12.842 12.877
11.306 16.983 16.220 7.795
16.487 3.794 3.546 8.702
5.498 8.865 3.250 1.520
12.423 11.439 3.267 3.380
0.743 3.033 4.637 0.984
4.843 8.183 13.902 11.831
0.039 5.164 12.902 1.261
6.997 9.915 1.417 11.738
2.806 6.920 13.687 10.300
4.497 1.588 10.646 1.443
12.524 5.413 12.205 0.146
4.611 4.981 4.561 10.183
4.299 11.804 14.278 10.818
15.444 4.881 4.458 9.764
11.556 4.705 2.428 21.030
13.867 8.597 3.718 10.693
0.482 4.106 6.421 15.307
3.579 6.920 11.387 24.655
6.183 2.220 1.202 2.287
19.396 1.027 0.539 3.174
3.102 15.932 6.113 11.735
2.487 1.707 6.513 20.118
0.305 12.320 15.493 13.146
16.810 5.595 16.262 12.975
9.182 9.262 12.708 20.957
16.291 14.205 11.577 5.563
9.520 0.745 1.545 0.734
1.155 1.346 6.185 19.566
10.152 8.053 3.625 9.928
2.132 1.217 2.343 14.207
5.446 1.137 4.742 2.258
3.758 2.141 2.901 7.692
9.633 1.525 13.873 1.991
3.464 0.579 2.936 7.666
3.714 0.468 6.438 15.090
9.790 13.075 15.650 3.960
18.011 6.022 11.169 1.615
17.122 13.259 0.172 10.776
9.202 20.597 15.257 2.535
6.955 12.009 0.403 9.766
9.695 0.833 3.473 6.665
8.727 1.877 0.095 8.678
16.602 11.976 0.617 4.431
6.466 5.374 9.051 9.879
21.748 29.814 4.961 2.013
3.087 9.857 1.105 7.290
1.124 4.926 2.443 7.109
3.087 15.572 2.807 7.571
2.804 0.455 2.785 2.267
4.951 9.250 24.417 2.769
1.030 4.016 2.065 11.527
0.013 4.017 2.840 3.223
1.009 9.182 16.201 10.405
3.133 11.732 4.357 11.618
12.608 18.308 3.164 6.814
5.453 3.939 6.652 6.910
24.644 4.994 3.689 6.856
1.725 3.907 2.821 5.228
15.466 3.499 2.721 14.678
18.049 10.512 9.517 5.699
5.480 3.628 15.317 7.960
5.784 4.592 1.166 0.048
11.002 0.555 9.725 2.513
8.842 6.449 23.116 12.409
7.827 3.698 0.360 15.582
0.293 13.460 4.404 2.604
7.616 7.402 0.164 10.633
6.447 6.528 20.433 5.721
5.893 10.030 5.513 0.783
1.586 4.271 6.531 5.488
0.755 19.795 15.574 8.832
0.219 5.545 11.304 2.273
9.564 4.106 4.650 4.334
11.919 8.413 1.921 6.911
3.205 14.303 4.074 4.400
2.674 5.175 23.579 6.245
0.178 1.943 6.772 1.843
6.353 12.686 1.615 9.513
2.779 4.451 10.022 3.976
26.242 13.193 11.699 10.441
9.022 7.796 0.322 8.404
1.827 9.616 6.784 13.243
13.971 13.229 4.788 23.358
4.112 5.427 3.777 9.997
9.931 17.145 0.696 7.729
3.075 17.648 1.274 4.921
2.668 10.231 6.922 6.462
9.534 0.294 11.854 6.596
1.392 0.677 10.554 3.204
2.426 8.267 15.908 6.223
1.764 6.872 5.215 6.639
6.539 12.826 7.542 4.887
5.381 1.729 2.430 4.878
2.784 7.876 3.713 3.082
1.527 9.640 1.866 9.407
2.178 12.751 18.371 0.779
9.877 7.430 0.669 17.192
6.934 6.370 13.808 0.757
2.123 16.964 6.883 6.807
14.223 4.777 8.514 1.165
0.244 13.885 2.141 13.416
2.450 23.084 0.821 0.096
19.388 18.144 15.088 15.508
9.849 0.872 0.299 8.366
14.681 4.172 3.806 0.717
8.439 2.123 6.454 12.379
6.101 2.039 8.889 20.503
8.188 4.171 10.911 17.945
17.002 10.909 7.582 6.000
14.616 5.721 2.233 7.883
10.784 36.769 12.711 11.024
6.505 6.813 7.820 2.930
2.654 17.860 9.007 3.077
20.934 0.644 2.413 11.828
2.235 11.895 3.304 16.048
8.241 11.406 15.946 5.320
0.973 3.780 7.078 1.181
0.212 3.787 8.034 16.322
12.152 0.348 1.953 23.706
16.256 12.784 5.541 1.939
1.767 2.891 10.618 9.556
10.106 5.205 4.677 14.724
1.129 4.290 5.683 7.558
12.482 24.669 6.880 14.166
4.929 0.306 2.934 15.073
13.201 18.511 0.279 0.093
9.334 7.772 20.560 2.313
0.644 1.957 7.844 5.810
1.143 20.158 1.070 1.170
0.155 8.809 10.313 0.582
23.727 6.311 0.682 12.236
1.549 15.947 2.978 7.397
14.064 20.981 13.751 2.496
3.060 26.529 1.618 4.212
5.281 5.115 1.725 4.880
1.616 4.515 4.753 11.583
0.701 1.827 5.835 1.818
13.279 26.000 4.301 7.705
18.458 12.575 6.309 3.169
14.652 6.879 22.372 1.330
9.524 3.422 12.474 13.861
11.995 11.886 12.247 3.767
6.932 19.552 7.871 1.696
14.153 32.355 13.390 15.411
4.897 2.703 4.579 5.265
0.735 1.060 10.536 0.652
0.618 27.372 0.098 10.093
17.176 1.639 0.245 4.173
1.603 1.599 17.377 3.078
7.481 7.685 14.857 2.885
0.468 0.007 28.645 27.262
8.683 3.044 8.304 3.432
11.889 6.538 6.931 21.401
7.161 4.092 11.820 12.142
0.083 15.320 20.510 3.818
12.840 5.453 6.319 9.209
8.651 6.075 13.341 8.810
30.122 0.700 7.368 10.485
7.121 17.546 5.699 3.211
7.087 0.945 7.166 19.303
7.819 8.082 1.591 0.403
1.380 5.110 17.021 16.359
15.685 8.406 6.940 3.039
9.228 11.127 4.818 6.475
4.581 0.009 7.024 5.205
5.563 2.245 6.327 18.595
0.035 0.944 4.740 4.897
0.046 15.531 9.026 27.132
4.727 10.704 0.016 0.905
17.595 2.758 1.027 0.087
5.239 5.274 14.793 1.105
17.324 7.705 3.982 15.644
20.197 18.831 2.129 9.100
18.266 11.204 0.107 2.725
3.457 0.594 8.165 7.930
9.752 11.863 14.185 19.031
16.762 8.225 5.945 1.647
4.377 16.194 9.549 8.477
4.598 3.035 10.568 7.799
15.761 1.129 4.928 11.677
14.202 6.144 26.759 12.839
6.053 8.197 1.083 11.597
5.204 3.333 0.494 14.922
7.600 9.935 5.117 4.794
10.415 0.831 9.819 8.955
4.792 14.936 2.603 7.144
0.198 3.008 4.126 3.749
6.010 10.093 5.409 9.511
15.824 5.182 0.174 24.140
3.058 21.808 11.226 8.012
9.295 1.961 9.362 5.199
14.846 13.857 5.440 1.847
2.846 12.604 3.181 11.669
4.060 7.469 14.968 17.905
22.393 17.482 20.856 7.056
24.040 2.776 12.674 16.875
4.863 4.734 1.061 0.581
0.595 8.233 11.375 7.465
13.281 3.012 7.850 2.000
2.053 8.289 0.512 9.141
6.209 9.811 17.334 4.969
3.216 6.617 10.744 5.129
8.330 0.228 7.747 0.613
17.778 1.484 6.992 5.728
5.970 9.878 3.861 5.514
22.430 5.975 1.905 17.660
12.666 1.336 0.992 6.860
1.793 4.179 12.195 16.697
5.196 9.402 18.626 10.421
1.147 14.353 8.367 4.774
0.861 0.981 7.108 11.698
0.292 6.516 1.220 1.251
0.547 13.637 10.893 7.881
4.421 3.754 5.504 0.365
14.544 26.596 6.684 14.714
5.391 6.694 10.448 1.387
5.804 18.160 15.379 0.193
3.186 4.331 19.716 4.733
22.455 18.106 12.402 11.791
8.169 9.066 12.723 32.019
4.655 8.914 6.170 12.289
10.192 11.614 6.332 11.856
1.341 5.981 10.401 9.986
8.779 3.656 12.727 4.126
6.111 9.577 2.963 5.466
3.586 5.162 5.160 2.908
6.885 7.504 0.012 9.069
5.460 12.323 10.425 10.470
0.551 4.497 3.705 10.686
8.716 9.001 1.625 12.404
5.420 14.154 3.864 2.290
1.237 9.199 10.771 14.458
0.039 11.043 4.329 23.711
5.478 4.055 2.926 0.659
6.191 4.162 9.483 19.865
0.214 2.152 4.418 21.114
5.006 2.329 18.992 22.781
8.987 7.845 0.019 2.694
6.337 14.880 9.984 11.556
1.198 12.867 6.667 17.219
6.882 13.860 5.040 3.416
1.327 10.254 12.636 2.490
7.172 12.861 1.497 10.722
19.922 6.475 4.674 2.681
10.472 19.263 6.464 22.365
2.109 3.736 6.875 9.217
1.860 1.919 0.288 16.857
6.889 15.197 8.468 1.564
22.836 4.937 1.666 11.089
21.786 18.755 6.613 3.748
14.244 3.988 3.456 15.554
5.313 21.465 15.075 3.443
8.509 4.915 2.983 1.525
4.247 11.573 12.011 9.998
8.433 14.951 8.206 22.893
4.533 2.058 5.795 2.434
13.790 17.708 15.888 6.993
1.770 4.575 7.477 3.060
3.395 1.745 3.924 7.899
1.307 0.342 12.482 5.438
3.480 5.077 2.103 0.765
2.608 7.947 6.180 8.126
17.050 0.535 6.077 6.417
0.749 24.084 14.341 2.145
9.794 10.318 2.994 3.705
6.588 10.846 2.809 13.739
17.682 12.531 0.166 4.604
14.889 3.049 6.572 6.761
3.464 4.690 8.431 24.915
6.224 11.315 9.458 2.698
0.075 1.432 3.528 9.857
2.667 6.467 21.776 2.694
6.536 11.534 1.356 7.854
6.531 8.889 9.238 10.408
13.089 11.470 2.729 7.804
13.325 8.778 7.837 0.293
9.633 20.830 3.767 4.776
11.136 6.650 1.461 4.769
3.538 7.502 16.223 14.892
2.761 1.872 0.240 0.709
4.038 6.098 18.635 7.148
21.987 27.677 10.584 13.594
3.592 2.316 17.929 3.711
5.939 6.522 19.464 6.684
21.946 3.518 8.483 4.889
0.428 0.916 2.933 9.419
10.934 5.193 7.356 2.722
2.829 5.560 10.009 2.611
4.973 8.441 4.928 1.645
3.905 2.961 0.754 15.245
18.550 1.610 4.176 0.348
6.968 9.470 13.807 10.877
11.958 10.721 1.289 5.755
6.316 1.018 23.636 3.706
5.111 4.837 10.353 0.202
18.548 10.653 4.232 4.011
4.650 1.206 2.581 10.332
4.303 10.992 12.299 12.199
1.716 2.074 9.868 4.155
7.094 4.561 9.495 2.881
12.926 5.208 6.196 7.067
4.922 5.893 9.383 3.191
8.318 20.753 3.437 8.561
1.402 8.364 7.604 10.794
2.657 13.967 29.694 0.983
5.777 10.786 14.205 9.611
2.778 6.210 2.483 3.498
0.870 0.313 6.830 0.070
11.507 8.570 1.766 24.174
10.686 7.095 0.753 0.366
1.852 7.664 2.241 3.264
5.239 8.478 4.539 2.615
6.607 2.013 9.192 9.516
4.085 5.672 19.353 7.507
8.040 2.638 4.626 4.548
13.564 9.497 4.411 9.226
2.566 4.080 14.151 0.089
6.567 2.023 0.158 3.665
7.200 3.180 8.791 2.540
10.564 14.101 3.927 16.003
0.280 5.593 6.451 7.527
22.305 5.516 12.229 0.946
5.031 20.741 1.209 2.323
19.360 6.423 7.230 14.124
6.926 16.991 7.156 3.388
1.993 4.532 5.431 17.945
3.863 8.721 10.965 13.403
4.270 0.384 1.584 1.354
3.140 13.547 9.813 4.369
5.374 11.090 17.416 1.487
7.903 5.348 17.289 6.131
0.025 12.861 25.810 6.250
10.432 1.376 0.874 8.362
10.264 13.864 14.161 6.161
23.044 8.855 12.867 8.103
8.604 8.731 5.128 4.346
5.404 4.549 20.896 15.381
6.684 4.674 4.914 12.140
9.089 0.555 6.112 5.131
10.987 1.032 4.165 0.609
7.927 2.881 5.076 15.815
2.865 5.976 4.895 35.432
6.673 7.275 0.580 10.990
3.366 9.652 0.520 10.002
8.236 0.938 8.495 23.059
9.371 19.153 2.295 6.883
4.751 5.043 12.584 9.315
5.723 15.947 6.055 7.209
4.630 8.041 12.104 6.612
8.661 24.906 3.954 12.079
5.045 7.526 4.159 5.998
4.455 2.072 0.010 8.429
6.955 7.140 6.377 7.079
4.313 3.130 15.911 15.322
10.681 9.652 11.232 5.555
2.198 18.703 11.380 0.405
14.300 4.049 0.353 13.975
6.153 6.966 2.573 0.229
2.967 6.253 18.653 3.736
0.459 1.112 6.210 0.591
13.588 13.017 4.809 1.081
22.598 12.954 0.576 0.608
9.167 6.852 1.291 21.430
3.624 7.185 11.591 7.260
0.078 9.395 9.315 12.190
9.501 3.204 2.367 7.122
4.347 2.281 3.812 5.069
4.290 8.916 6.031 0.277
3.936 2.728 1.913 9.614
11.778 4.481 14.423 8.134
16.813 1.879 2.812 5.294
0.558 8.132 13.306 16.532
13.235 5.982 15.823 14.519
0.365 17.299 16.009 4.020
8.069 10.116 26.471 3.287
4.022 4.424 12.847 11.151
1.445 0.122 1.479 1.010
3.049 2.622 9.522 7.961
15.329 3.712 7.596 8.857
11.219 3.040 4.040 11.328
2.337 3.416 12.334 8.095
2.204 0.856 5.743 4.822
13.853 9.478 11.606 6.619
1.606 10.198 2.994 9.142
3.438 13.562 2.110 30.261
5.387 12.044 4.485 6.164
4.068 10.166 1.661 23.438
17.146 20.776 18.856 21.814
10.796 11.113 5.704 18.968
9.358 3.274 16.703 5.294
4.046 7.296 17.566 4.260
1.986 17.035 2.191 5.664
1.685 0.689 5.310 2.958
13.095 9.766 10.827 0.807
21.804 1.537 1.489 19.254
8.856 7.681 9.972 12.192
11.167 9.861 13.812 10.580
10.588 8.724 0.489 0.511
7.657 4.815 1.423 5.399
10.820 3.273 9.723 13.008
4.873 5.462 3.105 1.191
7.521 10.584 0.251 1.839
2.846 10.235 16.109 13.862
5.149 0.447 12.908 1.369
8.387 3.418 1.837 0.092
3.031 3.183 13.235 0.057
13.110 13.312 9.318 0.028
4.223 7.455 16.642 13.573
6.801 0.368 22.510 11.700
5.848 19.221 1.771 16.768
17.726 9.415 15.837 5.144
2.423 7.607 2.392 10.651
26.652 8.601 3.720 15.332
1.086 6.385 0.491 4.328
2.996 2.340 19.486 6.302
9.664 9.302 6.867 19.226
10.320 0.558 8.537 1.900
2.462 2.724 7.478 7.556
11.950 5.615 7.608 9.738
2.691 5.765 5.790 7.744
6.943 0.512 3.431 20.090
6.574 9.360 7.274 11.412
12.119 19.892 14.148 11.957
18.647 15.510 8.777 5.848
15.067 11.968 0.290 1.038
11.903 9.549 4.824 3.361
5.459 14.791 22.045 2.774
8.505 0.569 6.127 3.526
12.201 6.900 1.094 6.446
4.913 0.694 7.943 10.881
20.128 12.386 10.451 7.180
0.635 2.563 27.352 2.235
3.450 5.693 3.505 16.293
2.343 5.587 6.143 9.033
1.728 4.506 5.569 9.374
9.641 1.777 27.664 26.477
1.232 17.329 15.308 29.344
2.169 2.357 0.115 4.377
7.811 4.724 10.115 5.688
8.065 0.648 4.471 12.259
4.019 2.252 11.108 3.155
13.019 6.856 1.884 8.764
22.427 0.789 2.823 2.825
11.804 3.601 5.805 17.475
10.435 8.747 13.966 0.605
6.971 1.252 1.242 3.684
14.778 1.550 15.196 10.344
3.106 15.225 0.374 13.083
15.474 1.139 4.176 11.856
3.302 3.137 7.402 4.942
3.379 4.312 5.163 3.631
6.346 0.593 11.927 6.357
2.405 11.189 12.350 5.664
2.618 4.074 8.076 5.559
3.211 0.658 11.177 8.129
1.727 6.683 4.499 4.256
2.768 8.481 0.211 6.788
13.712 5.578 4.812 5.863
6.176 3.554 3.322 7.217
21.911 20.852 11.366 5.438
19.217 12.863 5.311 2.865
8.199 7.556 3.774 22.520
0.302 8.477 20.492 4.919
0.777 26.362 14.298 10.606
11.455 8.194 15.553 17.606
3.252 5.644 18.903 2.452
0.944 5.498 8.403 7.297
9.418 1.441 5.151 21.710
11.932 7.079 8.071 12.043
13.838 0.739 0.438 1.414
8.847 0.431 12.410 7.893
7.020 3.416 5.257 2.886
27.708 3.380 4.803 7.006
0.380 0.669 15.203 16.207
22.313 9.260 6.215 9.297
2.468 7.343 3.738 2.560
2.079 11.247 8.037 14.219
15.647 5.450 5.483 2.657
15.021 13.623 11.276 20.530
0.632 1.469 6.425 6.260
13.327 7.083 14.502 17.908
1.234 9.115 5.965 6.551
10.822 5.151 1.477 15.113
4.317 3.754 11.762 14.748
3.713 31.996 8.307 6.293
2.555 6.922 14.920 7.874
6.567 11.424 10.728 11.957
8.294 11.217 0.481 10.092
2.691 2.875 2.234 1.119
2.218 24.749 11.115 21.515
3.375 6.404 6.960 1.269
15.925 4.814 1.626 11.006
5.753 8.635 19.231 15.043
10.082 3.377 10.347 5.161
2.499 6.010 3.062 4.856
2.058 0.031 3.424 15.138
3.881 5.025 14.474 14.806
11.409 0.523 4.121 7.671
2.297 0.675 1.496 10.467
2.827 3.340 8.356 15.899
2.676 18.086 6.620 12.201
4.239 4.333 13.250 5.085
1.521 3.187 4.726 13.337
12.154 4.124 0.916 3.253
5.460 1.541 5.071 4.880
5.755 10.961 11.590 9.721
1.333 8.236 8.541 0.944
6.669 7.764 4.515 0.715
1.609 3.423 12.815 2.484
12.913 9.911 1.549 16.503
13.506 8.711 1.471 6.244
14.961 1.083 2.836 18.136
13.069 1.076 34.053 2.035
1.756 0.560 11.287 6.646
18.497 19.073 7.249 1.836
17.566 6.212 8.327 4.157
18.112 27.308 16.331 12.207
5.098 7.200 12.381 4.200
2.507 5.763 4.058 1.459
17.065 1.667 5.738 3.944
12.111 3.649 6.399 12.864
3.838 11.840 4.061 5.638
0.388 18.003 9.037 7.398
7.316 9.049 7.519 3.123
19.641 5.091 3.019 8.102
13.090 7.596 4.567 0.260
19.750 9.188 16.201 3.494
5.830 8.221 13.730 1.088
13.928 0.409 2.084 9.922
10.368 16.188 10.382 3.894
0.871 1.060 3.521 6.447
3.658 8.540 11.614 9.734
5.090 3.630 6.768 2.568
0.578 1.355 12.253 16.275
24.862 14.410 6.163 2.630
5.791 7.353 1.451 1.219
2.048 9.401 8.910 9.089
0.198 12.986 5.316 13.154
2.440 9.199 0.782 0.457
6.103 9.347 5.147 7.719
21.054 11.845 16.026 5.755
0.721 0.308 8.677 5.897
9.659 14.772 14.109 0.714
15.836 8.400 14.294 2.707
7.075 8.857 5.802 0.007
0.941 3.925 7.689 2.555
7.386 3.098 11.378 17.956
2.670 4.638 7.603 13.001
1.321 11.307 9.164 18.179
8.295 20.166 2.305 11.398
6.729 9.030 3.404 0.794
15.791 8.848 0.090 0.419
8.124 9.484 2.723 2.503
5.485 10.088 5.956 1.899
4.634 18.724 4.866 32.762
8.328 1.524 16.633 1.537
13.162 4.569 8.552 4.140
0.772 12.615 15.974 11.831
7.858 16.151 6.733 4.768
2.588 7.158 7.498 6.626
5.106 2.627 1.115 14.144
1.300 5.594 1.099 10.284
1.577 7.490 9.731 10.125
18.742 1.236 6.596 21.838
10.204 15.810 23.798 4.422
9.134 1.184 0.268 19.095
15.448 9.829 6.953 2.529
8.148 5.960 19.865 20.931
2.702 5.559 6.533 9.040
1.805 1.119 16.536 3.986
5.553 0.848 17.023 25.740
7.043 2.428 23.201 5.990
4.900 11.459 12.477 15.960
4.688 2.952 6.206 7.709
4.065 12.731 4.829 9.021
5.831 0.706 6.857 11.384
5.792 1.116 2.175 14.351
8.734 10.569 2.674 3.386
5.010 0.918 1.673 10.384
4.570 0.332 6.633 18.192
2.885 1.418 0.806 5.678
3.674 8.796 3.806 4.366
5.282 2.170 3.951 1.212
3.261 8.928 0.221 4.408
0.381 10.357 7.597 16.237
2.056 5.323 13.124 17.569
2.389 7.286 4.727 5.584
5.901 1.295 15.340 8.611
10.247 13.227 3.408 21.901
0.142 8.760 8.497 1.489
9.481 8.629 10.119 1.707
2.162 8.288 3.740 0.366
11.261 5.004 5.423 10.457
15.646 13.059 1.444 7.043
10.552 11.715 9.779 9.444
0.113 11.569 0.689 5.720
19.816 9.540 15.831 13.827
2.534 10.437 7.280 7.830
1.791 0.246 18.141 11.482
3.552 5.361 2.622 2.339
3.950 5.318 10.907 6.652
18.864 11.748 2.436 3.694
17.818 2.063 4.962 3.295
7.131 10.726 7.973 6.565
3.011 10.112 1.293 4.582
7.180 0.457 3.367 1.923
0.674 4.591 4.276 5.558
15.720 9.797 19.608 6.440
10.432 24.276 3.777 1.314
8.274 6.539 3.946 8.061
6.488 0.232 8.107 1.999
11.623 14.183 11.122 0.705
5.680 3.148 5.445 5.623
1.848 6.084 2.395 12.768
5.516 1.581 0.536 12.818
10.761 6.038 19.397 6.859
8.207 5.371 25.606 12.340
4.513 5.848 4.143 1.216
7.119 1.189 29.774 9.986
5.973 3.508 5.548 1.514
1.172 1.425 4.312 3.442
15.107 0.296 6.462 2.035
6.830 9.387 9.881 1.232
13.921 16.132 5.869 5.253
2.863 5.986 10.262 2.200
13.648 16.160 6.668 10.572
4.345 10.758 12.922 14.993
0.651 0.060 11.136 7.787
4.501 15.158 11.773 1.185
3.256 11.023 6.408 3.065
9.856 16.140 2.450 3.786
18.205 4.548 0.349 12.708
7.965 9.843 7.380 10.059
21.164 10.925 9.128 9.263
1.717 8.167 7.456 9.146
1.040 3.825 2.218 13.049
7.618 12.547 13.634 7.275
35.127 5.029 1.326 7.070
1.750 4.829 7.330 0.248
9.835 10.649 1.787 9.371
15.493 17.084 0.755 2.151
13.520 16.428 0.986 14.309
3.583 12.730 13.307 0.625
1.265 8.040 30.030 2.721
6.608 5.322 15.259 12.335
13.690 6.418 7.227 2.118
5.793 2.790 3.047 0.750
7.291 14.263 4.023 24.042
3.512 20.626 8.295 7.795
4.543 8.341 7.706 9.778
14.800 1.359 7.984 4.969
10.383 0.787 4.639 9.143
5.503 7.150 6.445 4.625
12.520 16.541 2.339 8.195
16.660 2.566 4.188 7.564
6.003 4.860 5.829 21.841
7.088 22.778 8.560 22.084
4.533 7.880 5.710 22.215
7.641 10.611 8.632 8.042
5.246 11.284 17.219 5.271
1.265 3.736 5.450 2.797
2.516 3.933 29.145 9.449
10.501 2.349 7.283 12.189
6.807 5.376 4.008 3.239
14.661 17.327 8.915 3.509
10.020 12.918 22.007 6.453
5.653 6.348 4.036 12.889
4.980 5.755 15.778 13.548
5.050 5.365 6.933 16.047
5.106 1.656 8.102 12.617
7.359 5.297 0.468 12.538
5.138 1.826 3.931 13.516
2.702 19.404 8.143 3.248
8.445 12.164 2.083 11.163
10.253 15.395 4.303 12.856
5.478 1.271 1.696 6.048
2.014 3.127 7.265 5.736
8.522 15.334 3.058 10.577
3.902 15.034 4.667 2.489
14.151 2.984 11.875 7.412
1.994 4.782 3.859 4.165
11.923 16.185 2.716 5.367
5.734 9.389 5.166 8.097
10.728 5.513 11.552 13.547
9.949 3.026 4.962 3.597
0.331 12.049 10.947 6.996
9.067 14.002 15.467 16.492
11.435 9.496 8.687 5.499
2.882 7.737 4.069 6.269
1.964 4.543 3.719 7.552
13.831 6.457 2.221 14.315
4.745 3.009 20.347 0.206
24.091 10.971 6.765 20.488
14.934 16.713 6.958 1.020
6.331 13.834 6.753 0.930
7.570 9.055 7.085 2.047
9.913 17.019 2.198 1.281
9.529 2.712 0.151 2.750
12.338 21.122 8.032 10.224
7.502 15.160 2.677 5.291
9.891 29.363 9.047 1.521
5.931 8.009 6.588 2.717
14.890 16.028 5.075 15.570
6.992 10.814 12.167 7.396
18.942 5.579 1.875 6.969
8.475 1.666 0.177 0.645
16.671 2.139 9.623 3.803
12.373 8.604 1.470 4.849
7.109 11.308 8.646 9.593
5.985 9.966 4.386 2.791
5.350 7.006 10.715 1.631
1.922 1.772 3.050 9.919
22.934 10.040 7.641 11.797
3.876 6.729 5.056 9.843
17.939 11.947 6.828 6.211
5.071 11.043 4.004 14.612
9.159 20.071 7.009 0.036
8.293 6.466 4.336 3.843
6.372 2.822 1.890 10.597
4.969 10.748 16.873 6.891
15.018 9.984 9.396 4.694
8.994 7.334 0.764 1.909
0.141 8.951 16.072 10.608
1.223 6.782 2.481 7.847
18.493 10.456 0.552 0.406
6.724 16.563 3.161 1.269
0.147 7.625 6.421 15.706
0.172 16.172 9.179 11.456
13.521 9.938 4.020 4.132
7.779 5.406 9.924 16.407
12.273 14.776 2.335 0.424
3.075 16.459 5.679 28.935
8.339 0.096 13.730 8.417
11.513 11.438 17.077 4.102
24.329 8.096 1.593 2.554
1.212 4.294 8.069 0.456
8.253 26.137 3.407 12.009
4.695 9.611 4.109 12.393
6.593 6.525 15.771 19.106
2.240 0.550 7.913 3.653
14.752 5.747 10.240 9.206
4.435 6.641 0.551 20.875
9.805 29.120 3.742 14.205
7.528 7.640 0.227 5.253
5.524 0.243 1.248 12.470
16.442 1.267 2.738 10.166
12.702 21.701 14.962 11.725
14.502 1.342 1.439 4.188
2.336 22.053 0.337 10.271
2.272 4.926 5.979 4.000
17.375 18.606 1.405 2.253
4.112 26.163 7.822 14.565
9.424 1.063 25.102 1.137
9.083 2.265 10.128 9.294
11.081 8.770 1.585 2.350
0.977 4.044 0.953 1.709
13.979 4.215 8.309 2.869
9.364 14.839 12.612 0.437
5.502 1.366 10.559 14.366
6.891 4.259 0.986 9.695
2.418 2.139 9.787 5.688
4.331 18.459 4.225 8.427
10.983 1.677 11.013 22.496
1.945 2.106 8.621 3.086
3.842 7.361 0.141 6.960
11.134 11.616 9.729 6.442
0.903 25.750 3.273 4.637
3.685 2.506 3.926 1.558
1.024 5.150 0.620 1.019
10.274 14.314 9.077 7.652
9.609 6.511 10.121 10.837
10.458 1.900 1.285 20.374
7.652 5.393 24.137 19.272
4.198 1.335 4.707 17.525
0.042 21.397 6.497 3.749
8.691 16.835 9.520 0.909
14.493 1.656 26.612 7.915
5.349 1.583 0.922 24.386
18.479 16.901 10.220 5.070
8.470 8.939 4.113 2.652
21.802 2.578 7.260 7.137
10.665 2.578 5.635 11.836
25.998 15.281 4.854 4.417
6.311 17.626 3.417 4.701
6.162 9.501 11.045 1.479
7.473 5.952 9.348 12.544
19.103 7.199 3.746 22.897
14.748 7.746 1.651 7.699
0.348 6.304 10.458 7.288
4.526 0.351 4.682 8.212
14.874 3.805 0.374 3.609
0.578 1.859 0.557 18.230
2.900 7.814 6.524 12.198
2.889 15.904 18.483 23.721
3.534 9.549 7.905 17.121
1.268 3.851 3.348 2.687
1.661 5.707 13.529 7.733
20.431 9.105 5.374 4.946
11.675 11.595 0.785 1.157
11.538 13.675 9.146 7.764
8.514 0.217 9.048 6.681
31.641 11.619 6.220 11.787
2.907 25.448 0.678 4.714
16.875 3.264 1.803 10.064
10.047 1.156 9.012 8.728
6.138 13.437 3.145 1.224
12.072 1.049 19.683 10.239
7.873 1.898 3.869 9.707
10.292 2.736 1.470 5.164
0.066 19.057 1.048 18.016
2.161 6.262 0.431 5.089
3.809 1.544 20.850 5.767
1.567 15.070 11.094 13.559
0.810 8.341 5.456 5.637
3.743 6.600 8.011 10.453
6.592 3.192 17.627 3.748
0.800 6.857 13.471 5.225
10.472 7.770 4.935 3.795
6.617 5.731 4.153 8.619
6.673 4.037 8.506 6.494
2.298 0.834 3.705 14.805
1.429 1.337 14.281 11.160
2.327 23.004 7.267 2.485
8.328 8.394 14.356 1.351
2.737 2.475 3.440 5.507
14.359 2.522 6.481 3.539
13.037 8.081 2.905 3.849
1.426 0.874 8.189 10.572
8.202 0.019 3.250 8.121
8.467 0.218 22.743 12.535
3.615 16.867 1.516 13.086
4.201 0.607 8.400 11.491
1.240 2.618 4.071 8.254
12.118 14.891 13.505 16.761
1.051 0.766 4.145 12.045
9.608 15.757 2.940 2.011
2.309 8.678 10.508 5.184
6.188 15.584 10.511 9.904
2.463 2.376 1.223 9.683
10.026 10.437 12.751 5.084
2.231 4.767 0.386 15.434
10.870 1.319 9.154 22.414
23.789 8.305 3.202 8.604
3.553 6.390 6.484 7.987
21.777 18.908 7.840 9.386
2.266 5.380 0.618 1.302
11.654 9.803 13.020 7.821
0.715 1.890 9.448 15.578
9.225 19.066 8.675 10.099
4.693 7.542 9.742 12.654
7.338 9.985 8.041 13.793
6.782 11.455 15.313 2.101
4.135 10.243 0.382 2.117
7.451 5.592 10.422 21.514
0.319 3.083 3.647 0.683
2.336 15.876 11.923 4.120
2.379 16.072 2.665 11.225
6.898 8.181 2.235 7.251
2.038 2.553 10.528 0.824
0.600 7.985 42.375 23.681
5.252 5.047 18.113 13.943
8.456 8.300 11.661 2.780
4.498 16.870 9.703 1.180
6.479 13.743 2.239 20.400
13.893 14.954 4.695 7.620
21.689 5.350 3.521 4.007
2.473 4.510 3.010 11.187
4.679 9.835 1.887 5.718
0.458 28.232 2.353 10.690
15.316 7.724 10.465 1.117
2.294 8.698 10.022 16.546
0.861 17.504 3.328 20.022
16.759 3.884 2.148 1.521
12.686 9.978 4.429 8.033
18.457 3.145 9.596 6.009
5.734 20.544 8.118 24.029
6.125 10.353 5.672 5.603
2.936 19.564 5.802 14.944
3.684 6.794 1.795 9.686
7.967 3.523 7.934 17.911
10.700 5.180 3.368 16.591
3.738 2.366 2.351 16.213
0.458 4.711 2.793 14.031
0.342 9.546 5.511 9.153
8.352 3.285 6.431 9.018
10.738 13.172 5.230 11.112
12.930 12.534 3.923 19.459
5.611 1.859 19.926 12.846
4.420 0.496 0.663 7.933
7.252 5.006 20.604 9.776
6.331 2.128 7.051 11.297
8.147 1.419 2.009 0.855
3.380 3.230 3.626 2.534
1.667 6.036 12.690 18.835
9.761 0.968 1.640 1.739
3.057 5.687 6.855 6.797
0.395 2.492 2.176 3.454
6.746 10.251 4.271 3.124
6.705 12.136 6.240 3.316
4.992 12.301 11.972 10.892
10.721 12.960 10.535 5.414
14.852 16.522 5.129 1.926
6.901 8.921 5.371 14.467
7.574 1.882 1.182 8.013
11.306 15.403 1.691 5.237
14.991 32.010 6.699 7.584
9.312 8.431 2.362 14.695
15.845 5.145 4.051 0.544
5.785 11.373 16.096 24.208
4.748 8.533 17.887 8.754
6.493 4.928 6.777 4.428
3.893 15.020 21.819 9.284
1.942 4.425 10.334 6.939
9.891 5.607 19.164 1.779
21.461 5.455 1.443 1.079
2.332 8.081 14.828 25.596
1.203 7.764 6.417 10.517
8.728 21.056 5.023 0.773
9.879 2.757 10.100 17.091
6.551 17.883 2.249 9.854
5.439 11.444 6.081 19.858
9.836 3.593 4.483 10.437
6.807 9.834 21.687 2.008
10.090 4.896 11.948 15.411
4.996 5.107 1.474 4.800
0.169 4.409 3.820 9.550
3.881 7.183 6.527 1.236
10.429 15.486 7.817 9.102
2.818 8.549 23.669 9.991
22.814 0.130 8.730 8.053
15.981 8.685 1.791 1.185
2.122 3.534 0.495 8.839
3.544 3.800 6.468 10.324
3.259 3.185 13.393 16.105
2.038 25.925 11.103 16.461
4.752 8.200 11.084 17.760
24.406 13.277 3.542 3.737
21.026 1.315 3.562 4.030
25.428 3.407 9.352 15.522
9.838 19.258 5.753 12.392
8.744 10.502 7.689 21.005
24.873 5.172 6.397 11.478
4.959 3.383 6.126 17.426
3.506 28.000 14.866 16.814
3.807 1.515 4.188 0.431
7.585 3.795 2.141 2.743
8.722 8.114 3.930 14.476
12.048 10.516 7.625 2.990
3.257 4.426 4.930 5.230
7.503 11.291 3.651 4.236
13.343 19.234 5.706 17.150
14.717 8.284 9.780 3.143
10.127 21.136 12.826 8.617
6.012 5.079 15.050 15.948
12.982 11.628 5.184 1.237
13.606 5.451 7.965 7.867
3.407 1.662 1.025 19.015
11.615 6.040 4.100 6.263
10.110 4.412 13.578 4.373
10.909 6.199 12.651 11.261
11.096 19.257 8.267 16.682
8.240 5.852 2.188 9.953
14.856 0.084 0.025 7.890
11.421 0.907 0.391 12.150
0.110 22.181 4.111 14.689
11.755 16.285 4.337 1.084
4.217 3.391 1.420 0.200
5.316 12.717 11.650 7.705
7.861 12.162 1.677 10.857
0.779 2.174 13.886 1.937
8.114 1.867 2.321 8.615
2.903 0.354 2.735 1.634
2.318 2.158 14.388 8.105
3.369 7.786 7.830 11.013
4.471 6.707 9.487 0.055
5.407 11.300 14.811 6.259
6.188 1.377 0.687 2.328
1.027 0.202 19.313 1.506
11.407 12.667 2.175 0.029
4.614 17.366 9.214 7.659
1.032 4.592 16.997 1.395
7.331 6.588 8.357 5.665
4.299 2.255 7.379 11.929
1.503 6.622 24.096 11.400
5.536 7.892 12.457 10.609
6.214 13.794 7.138 27.443
15.678 9.978 1.532 21.934
5.217 8.857 11.800 8.007
3.263 0.433 5.117 13.838
2.508 11.923 5.733 8.203
0.463 0.889 3.489 5.583
5.694 8.046 8.335 3.402
1.617 3.957 3.116 11.099
7.207 11.704 3.402 6.098
4.705 17.898 10.652 8.528
13.127 1.333 10.040 22.074
11.291 1.759 6.560 2.173
4.281 5.489 10.969 16.079
4.699 2.487 1.315 5.466
0.835 5.326 6.658 14.398
2.953 5.820 9.989 7.126
12.363 14.093 19.497 0.954
9.880 17.213 3.726 9.624
1.328 4.433 9.553 8.214
0.917 5.475 8.168 11.009
4.500 8.087 13.871 7.630
8.932 1.539 11.120 0.646
6.450 15.159 10.908 15.303
9.303 16.800 5.994 8.448
12.845 9.824 28.830 3.639
12.894 4.138 9.671 2.723
9.826 4.791 1.127 1.247
2.597 6.782 0.775 5.395
2.226 9.306 2.148 2.599
21.038 16.034 14.702 6.216
3.491 8.841 15.413 1.949
1.460 20.194 5.514 0.289
4.186 6.476 7.096 5.216
0.091 3.811 1.376 1.459
3.646 8.617 0.458 1.469
20.713 14.853 6.891 4.949
10.187 12.249 10.979 14.617
5.666 1.603 13.512 0.260
17.456 13.718 3.274 1.087
13.299 5.655 12.567 6.822
14.575 7.172 3.860 8.046
3.622 1.433 3.783 1.898
12.784 16.962 6.166 1.796
11.360 5.064 12.218 9.186
3.631 5.293 2.871 1.556
8.887 10.112 4.728 21.185
16.288 4.287 4.348 11.946
4.657 15.618 1.845 8.303
23.731 3.433 10.700 18.284
3.906 5.174 1.082 2.722
6.723 5.124 0.594 8.360
1.325 19.446 15.507 9.808
2.418 13.408 6.395 0.295
12.335 3.325 6.868 1.573
14.808 27.092 15.871 6.693
9.646 21.233 5.323 11.872
9.757 14.255 9.677 6.495
2.171 8.312 11.729 2.409
4.731 1.324 16.316 5.526
1.848 8.361 4.390 10.969
10.759 4.015 8.450 17.137
1.905 19.364 12.031 11.919
0.438 9.957 0.185 6.811
0.853 8.907 15.180 13.984
11.251 2.671 3.810 8.682
3.602 9.652 9.258 7.548
6.495 10.481 0.915 2.584
15.897 2.539 18.217 18.440
0.545 16.854 5.905 3.344
12.791 0.208 15.676 4.159
1.408 2.054 5.431 8.141
1.717 6.127 7.126 1.034
9.605 4.779 0.955 1.406
0.709 13.256 13.848 6.195
4.131 0.650 2.302 2.688
12.919 15.064 4.071 10.101
1.189 5.540 16.546 7.135
12.234 1.155 4.950 5.074
10.690 5.327 17.686 3.243
0.712 3.696 8.454 0.640
2.754 6.587 12.280 9.350
9.072 4.028 6.831 12.743
12.547 5.696 8.073 5.894
9.869 3.753 0.969 8.849
7.012 4.791 24.584 1.591
18.675 14.414 0.308 0.429
0.115 7.463 6.728 2.555
4.051 2.740 6.025 13.116
